version=1
name=prototype
count=5
wp_0_x=-77.6889
wp_0_y=11.0446
wp_0_z=-132.121
wp_1_x=-21.0222
wp_1_y=15.6908
wp_1_z=-101.818
wp_2_x=35.6444
wp_2_y=13.3507
wp_2_z=-41.2121
wp_3_x=92.3111
wp_3_y=8.63099
wp_3_z=19.3939
wp_4_x=148.978
wp_4_y=2.83604
wp_4_z=80
